PA-0-1-F.jpg	184,188,1436,2740	2
PA-0-2-F.jpg	463,58,1715,2424	3
PA-0-3-F.jpg	590,136,1449,2348	1
PA-0-4-F.jpg	418,297,1690,2967	2
PA-0-5-F.jpg	433,320,1563,2404	1
PA-0-6-F.jpg	657,538,1253,2443	1
PA-0-7-F.jpg	572,357,1223,2503	2
PA-0-8-F.jpg	435,478,1562,2279	2
PA-0-9-F.jpg	685,294,1429,2269	1
PA-0-10-F.jpg	374,489,1363,2437	2
PA-0-11-F.jpg	112,113,1298,2463	2
PA-0-12-F.jpg	579,557,1217,2337	2
PA-0-13-A-F.jpg	1018,1077,1712,866	1
PA-0-13-F.jpg	580,691,1243,2337	2
PA-0-14-A-F.jpg	644,287,1391,2277	1
PA-0-14-A-R.jpg	528,113,1477,2231	1
PA-0-14-B-F.jpg	510,256,1471,2557	1
PA-0-14-C-F.jpg	432,604,2005,982	2
PA-0-14-D-F.jpg	519,687,1981,926	2
PA-0-14-E-F.jpg	821,895,1999,962	2
PA-0-14-F.jpg	466,822,1409,1788	2
PA-0-15-A-F.jpg	515,655,1971,942	2
PA-0-15-F.jpg	99,59,1504,2929	2
PA-0-16-A-F.jpg	421,484,2161,1048	3
PA-0-16-F.jpg	653,411,1445,2291	1
PA-0-17-A-F.jpg	646,383,1267,2254	1
PA-0-17-B-F.jpg	560,261,1406,2397	1
PA-0-17-C-F.jpg	238,399,2281,1114	3
PA-0-17-D-F.jpg	394,488,2121,1060	3
PA-0-17-E-F.jpg	287,330,2074,1002	3
PA-0-17-F.jpg	653,352,1260,2009	1
PA-0-18-A-F.jpg	431,38,1518,2399	1
PA-0-18-B-F.jpg	368,641,2351,1108	3
PA-0-18-C-F.jpg	352,560,2359,1093	3
PA-0-18-F.jpg	211,98,2237,2204	3
PA-0-18-F.jpg	275,83,2140,2117	3
PA-0-19-A-F.jpg	179,196,2400,1125	3
PA-0-19-F.jpg	488,307,1503,2615	1
PA-0-20-A-F.jpg	278,167,2216,1119	3
PA-0-20-F.jpg	516,341,1442,2402	1
PA-0-21-A-F.jpg	300,303,2265,1119	3
PA-0-21-A-F.jpg	270,331,2370,1098	3
PA-0-21-F.jpg	511,281,1417,2365	1
PA-0-22-A-F.jpg	200,302,2234,1084	3
PA-0-22-F.jpg	581,292,1395,2372	1
PA-0-23-A-F.jpg	380,220,2360,1148	3
PA-0-23-F.jpg	554,283,1373,2361	1
PA-0-24-A-F.jpg	228,539,2382,1052	3
PA-0-24-F.jpg	358,97,1526,2856	3
PA-0-25-A-F.jpg	419,534,2201,1069	3
PA-0-25-F.jpg	565,230,1456,2497	1
PA-0-26-A-F.jpg	357,297,2271,1096	3
PA-0-26-F.jpg	577,302,1432,2376	1
PA-0-27-A-F.jpg	348,560,2214,1052	3
PA-0-27-F.jpg	624,312,1477,2456	1
PA-0-27-R.jpg	326,458,1734,2600	1
PA-0-28-A-F.jpg	369,633,2261,1071	3
PA-0-28-F.jpg	619,383,1315,2142	1
PA-0-29-A-F.jpg	235,564,2313,1124	3
PA-0-29-F.jpg	655,425,1281,2201	1
PA-0-30-A-F.jpg	353,266,2322,1149	3
PA-0-30-F.jpg	648,478,1241,2241	1
PA-0-31-A-F.jpg	341,407,2058,967	1
PA-0-31-F.jpg	588,471,1444,2219	1
PA-0-32-A-F.jpg	719,840,2078,1005	3
PA-0-32-F.jpg	519,464,1271,2337	1
PA-0-33-A-F.jpg	635,834,2145,1025	3
PA-0-33-F.jpg	563,464,1419,2244	1
PA-0-34-A-F.jpg	509,382,1342,2392	1
PA-0-34-B-F.jpg	488,304,1414,2427	1
PA-0-34-C-F.jpg	578,448,1316,2205	1
PA-0-34-D-F.jpg	545,850,2139,1038	3
PA-0-34-E-F.jpg	348,361,2136,1044	3
PA-0-34-F-F.jpg	660,904,2160,1016	3
PA-0-34-F.jpg	620,328,1330,2399	1
PA-0-34-G-F.jpg	671,829,2100,1052	3
PA-0-35-F.jpg	524,321,1489,2219	1
PA-0-36-F.jpg	478,224,1639,2360	1
PA-0-37-F.jpg	454,292,1634,2398	1
PA-0-38-F.jpg	272,357,1755,2621	1
PA-0-39-F.jpg	239,297,1903,2738	1
PA-0-40-F.jpg	267,325,1653,2388	1
PA-0-41-F.jpg	399,224,1699,2385	1
PA-0-42-F.jpg	422,269,1714,2346	1
PA-0-43-F.jpg	449,312,1647,2267	1
PA-0-44-F.jpg	381,191,1488,2201	1
PA-0-45-F.jpg	546,434,1412,2020	1
PA-0-46-F.jpg	546,403,1435,2148	1
PA-0-47-F.jpg	570,533,1513,2159	1
PA-0-48-F.jpg	566,574,1551,2319	1
PA-0-49-F.jpg	585,380,1471,2225	1
PA-0-50-F.jpg	630,409,1445,2206	1
PA-0-51-F.jpg	701,430,1470,2212	1
PA-0-52-F.jpg	278,346,1850,2850	1
PA-0-53-A-F.jpg	192,289,1961,2943	1
PA-0-53-B-F.jpg	233,255,1770,2963	1
PA-0-53-C-F.jpg	246,477,1696,2771	1
PA-0-53-D-F.jpg	312,439,1658,2769	1
PA-0-53-F.jpg	300,329,1615,2442	1
PA-0-54-F.jpg	335,403,1660,2751	1
PA-0-55-F.jpg	317,336,1629,2619	1
PA-0-56-F.jpg	282,127,1741,2900	1
PA-0-57-F.jpg	272,228,1646,2721	1
PA-0-58-F.jpg	354,354,1635,2646	1
PA-0-59-F.jpg	380,332,1465,2917	1
PA-0-60-F.jpg	449,230,1452,2825	1
PA-0-61-F.jpg	646,11,1251,3253	3
PA-0-62-F.jpg	518,273,1452,2581	1
PA-0-63-F.jpg	513,385,1449,2478	1
PA-0-64-F.jpg	309,284,1627,2710	1
PA-0-65-F.jpg	207,236,1897,2814	1
PA-0-66-F.jpg	263,190,1792,2882	1
PA-0-67-F.jpg	312,232,1715,2655	1
PA-0-68-F.jpg	492,252,1504,2701	1
PA-0-69-F.jpg	177,170,1865,3014	1
PA-0-70-A-F.jpg	160,276,1809,2793	1
PA-0-70-B-F.jpg	234,295,1740,2715	1
PA-0-70-F.jpg	247,294,1673,2421	1
PA-0-71-F.jpg	543,550,1334,2068	1
PA-0-72-F.jpg	374,742,1520,2354	2
PA-0-73-F.jpg	439,532,1449,2308	1
PA-0-74-F.jpg	508,599,1481,2307	1
PA-0-75-F.jpg	505,357,1565,2462	1
PA-0-76-F.jpg	429,288,1481,2433	1
PA-0-77-F.jpg	350,213,1513,2355	1
PA-0-78-F.jpg	369,397,1667,2562	1
PA-0-79-A-F.jpg	463,649,1541,2381	1
PA-0-79-B-F.jpg	580,562,1485,2157	1
PA-0-79-C-F.jpg	414,492,1668,2517	1
PA-0-79-D-F.jpg	210,345,1962,2869	1
PA-0-79-F.jpg	619,58,1211,3206	3
PA-0-80-F.jpg	263,272,1865,2929	1
PA-0-81-F.jpg	588,413,1480,2254	1
PA-0-82-F.jpg	605,473,1588,2285	1
PA-0-83-F.jpg	54,218,2213,3046	2
PA-0-84-F.jpg	307,153,1776,2815	1
PA-0-85-A-F.jpg	491,200,1578,2701	1
PA-0-85-B-F.jpg	274,183,1709,2989	1
PA-0-85-F.jpg	441,311,1564,2510	1
PA-0-86-F.jpg	341,402,2107,2624	3
PA-0-87-F.jpg	178,329,2044,2701	1
PA-0-87-F.jpg	150,741,2203,2474	3
PA-0-88-F.jpg	283,961,1949,2104	3
PA-0-89-F.jpg	410,483,1507,2504	1
PA-0-90-F.jpg	481,380,1474,2699	1
PA-0-91-F.jpg	398,328,1536,2577	1
PA-0-92-F.jpg	367,299,1485,2482	1
PA-0-93-F.jpg	357,456,1396,2302	1
PA-0-94-F.jpg	313,383,1551,2449	1
PA-0-94-F.jpg	1838,151,475,1293	3
PA-0-95-F.jpg	324,421,1652,2715	1
PA-0-96-F.jpg	481,262,1396,2581	1
PA-0-97-F.jpg	545,643,1370,2593	1
PA-0-98-F.jpg	401,615,1507,2461	1
PA-0-99-F.jpg	419,581,1487,2258	1
PA-0-100-F.jpg	551,475,1334,2440	1
PA-0-101-F.jpg	472,393,1486,2403	1
PA-0-102-F.jpg	454,431,1435,2219	1
PA-0-103-F.jpg	245,241,1820,2757	1
PA-0-104-A-F.jpg	343,278,1680,2786	1
PA-0-104-B-F.jpg	461,437,1505,2415	1
PA-0-104-F.jpg	493,490,1575,2412	1
PA-0-105-F.jpg	470,644,1343,2043	1
PA-0-106-F.jpg	399,575,1405,2072	1
PA-0-107-F.jpg	281,544,1458,2266	1
PA-0-108-F.jpg	577,749,1360,2101	1
PA-0-109-F.jpg	466,582,1358,2199	1
PA-0-110-F.jpg	475,405,1436,2259	1
PA-0-111-F.jpg	448,460,1340,2076	1
PA-0-112-F.jpg	534,78,1434,2209	1
PA-0-113-F.jpg	348,207,1583,2514	1
PA-0-114-F.jpg	375,341,1517,2385	1
PA-0-115-F.jpg	271,363,1785,2806	1
PA-0-116-F.jpg	281,316,1648,2510	1
PA-0-117-F.jpg	367,254,1837,2841	1
PA-0-118-F.jpg	752,56,884,3156	3
PA-0-120-F.jpg	234,392,1551,2406	1
PA-0-121-F.jpg	314,36,1752,2412	3
PA-0-122-F.jpg	396,169,1853,2968	1
PA-0-123-F.jpg	277,210,1822,2853	1
PA-0-124-F.jpg	327,155,1696,2464	1
PA-0-124-R.jpg	353,217,1699,2584	1
PA-0-125-A-F.jpg	244,212,1870,2922	1
PA-0-125-F.jpg	384,263,1673,2553	1
PA-0-126-F.jpg	221,210,1837,2737	1
PA-0-126-R.jpg	245,217,1979,3040	1
PA-0-127-F.jpg	148,371,1984,2705	3
PA-0-128-F.jpg	354,171,1643,2758	1
PA-0-129-F.jpg	357,255,1758,2807	1
PA-0-130-F.jpg	377,161,1684,2581	1
PA-0-131-F.jpg	354,164,1564,2405	1
PA-0-132-F.jpg	280,192,1804,2792	1
PA-0-133-F.jpg	209,139,1766,2885	1
PA-0-134-F.jpg	196,115,1773,2715	1
PA-0-135-F.jpg	82,159,1864,2727	1
PA-0-136-F.jpg	129,200,1751,2717	1
PA-0-137-F.jpg	205,218,1933,2932	1
PA-0-138-F.jpg	108,273,1810,2753	1
PA-0-139-F.jpg	159,327,1835,2589	1
PA-0-140-F.jpg	313,288,1653,2282	1
PA-0-141-F.jpg	238,473,1762,2547	1
PA-0-142-F.jpg	125,399,1881,2711	1
PA-0-143-F.jpg	159,320,1860,2602	1
PA-0-144-F.jpg	317,325,1714,2532	1
PA-0-145-A-F.jpg	265,333,1807,2914	1
PA-0-145-B-F.jpg	341,150,1713,2944	1
PA-0-145-F.jpg	227,332,1733,2487	1
PA-0-146-F.jpg	530,549,1349,2278	1
PA-0-147-F.jpg	220,856,2228,1973	3
PA-0-148-F.jpg	707,575,1226,1957	1
PA-0-148-R.jpg	499,274,1347,2121	1
PA-0-149-F.jpg	436,422,1477,2419	1
PA-0-150-F.jpg	288,348,1392,2204	1
PA-0-151-F.jpg	463,452,1282,2141	1
PA-0-152-F.jpg	572,428,1273,2145	1
PA-0-153-F.jpg	536,448,1275,2138	1
PA-0-154-F.jpg	348,532,1352,2225	1
PA-0-155-F.jpg	380,406,1618,2819	1
PA-0-156-F.jpg	447,363,1741,2842	1
PA-0-156-R.jpg	241,259,1820,2916	1
PA-0-157-F.jpg	364,249,1752,2896	1
PA-0-158-F.jpg	293,409,1754,2845	1
PA-0-158-R.jpg	411,96,1569,2336	1
PA-0-159-F.jpg	396,524,1590,2713	1
PA-0-160-F.jpg	488,698,1385,2247	1
PA-0-161-F.jpg	0,160,2448,1573	3
PA-0-162-F.jpg	315,76,1647,2848	1
PA-0-163-F.jpg	334,399,1776,2030	1
PA-0-166-F.jpg	275,409,1849,2138	1
PA-0-167-F.jpg	414,379,1576,2221	1
PA-0-168-F.jpg	326,247,1913,2901	1
PA-0-169-F.jpg	438,225,1609,2374	1
PA-0-170-F.jpg	276,193,1795,2761	1
PA-0-171-F.jpg	400,341,1687,2541	1
PA-0-172-F.jpg	141,57,1955,3061	1
PA-0-173-F.jpg	218,173,1918,3043	1
PA-0-174-F.jpg	318,149,1803,2816	1
PA-0-175-F.jpg	170,234,1735,2703	1
PA-0-175-R.jpg	176,205,2014,3059	1
PA-0-176-F.jpg	371,363,1710,2757	1
PA-0-177-F.jpg	314,100,1720,2811	1
PA-0-178-F.jpg	356,263,1763,2663	1
PA-0-179-F.jpg	208,264,1668,2549	1
PA-0-180-F.jpg	18,64,2430,2384	3
PA-0-181-F.jpg	397,313,1695,2604	1
PA-0-182-F.jpg	421,293,1755,2742	1
PA-0-183-F.jpg	257,433,1823,2831	1
PA-0-184-A-F.jpg	493,312,1465,2357	1
PA-0-184-B-F.jpg	534,212,1495,2357	1
PA-0-184-F.jpg	400,307,1682,2678	1
PA-0-185-F.jpg	676,595,1163,2115	1
PA-0-186-F.jpg	628,467,1068,1883	1
PA-0-187-F.jpg	543,339,1360,2061	1
PA-0-188-F.jpg	610,336,1204,2129	1
PA-0-189-F.jpg	546,394,1304,2250	1
PA-0-190-F.jpg	487,258,1426,2294	1
PA-0-191-F.jpg	335,182,1691,2399	1
PA-0-191-R.jpg	542,686,1321,2059	1
PA-0-192-F.jpg	325,374,1792,2679	1
PA-0-193-F.jpg	338,309,1637,2519	1
PA-0-194-F.jpg	281,315,1745,2785	1
PA-0-195-F.jpg	291,322,1706,2560	1
PA-0-196-F.jpg	325,218,1764,2537	1
PA-0-197-F.jpg	696,0,964,3264	3
PA-0-197-R.jpg	719,245,757,2963	3
PA-0-199-F.jpg	432,344,1612,2482	1
PA-0-200-F.jpg	353,149,1759,2780	1
PA-0-201-F.jpg	164,151,2137,3113	2
PA-0-201-F.jpg	212,152,2217,2740	3
PA-0-202-F.jpg	234,148,1856,2833	1
PA-0-203-F.jpg	131,235,2090,2852	1
PA-0-203-R.jpg	265,171,1897,2367	1
PA-0-204-F.jpg	268,192,1818,2771	1
PA-0-205-F.jpg	257,295,1946,2217	1
PA-0-205-R.jpg	190,353,2068,2190	1
PA-0-206-F.jpg	349,287,1714,2222	1
PA-0-206-R.jpg	332,297,1773,2273	1
PA-0-207-F.jpg	373,227,1821,2762	1
PA-0-208-F.jpg	432,277,1799,2964	1
PA-0-209-F.jpg	357,257,1773,3006	1
PA-0-210-F.jpg	231,212,1743,2961	1
PA-0-211-F.jpg	183,177,1901,3051	1
PA-0-212-F.jpg	182,133,1943,3105	1
PA-0-213-F.jpg	261,193,1779,3065	1
PA-0-214-F.jpg	105,132,2043,3116	1
PA-0-215-F.jpg	161,167,2067,3072	1
PA-0-216-F.jpg	202,127,1977,3115	1
PA-0-217-F.jpg	190,150,1911,3106	1
PA-0-218-F.jpg	255,138,1890,3126	1
PA-0-219-F.jpg	258,243,1988,3017	1
PA-0-220-F.jpg	211,161,1936,3103	1
PA-0-221-F.jpg	306,116,1903,3148	1
PA-0-222-F.jpg	270,120,1953,2972	1
PA-0-223-F.jpg	202,175,1912,2938	1
PA-0-224-A-F.jpg	316,147,1781,2805	1
PA-0-224-B-F.jpg	242,227,1888,3020	1
PA-0-224-B-R.jpg	238,319,1856,2933	1
PA-0-224-F.jpg	450,184,1667,2918	1
PA-0-225-F.jpg	645,712,1284,1895	1
PA-0-226-F.jpg	506,607,1485,2087	1
PA-0-227-F.jpg	487,524,1397,1880	1
PA-0-228-F.jpg	470,682,1382,1926	1
PA-0-229-F.jpg	338,661,1494,2100	1
PA-0-230-F.jpg	237,602,1904,2621	1
PA-0-231-F.jpg	450,385,1577,2740	1
PA-0-232-F.jpg	384,213,1499,2313	1
PA-0-233-F.jpg	159,262,1930,2372	3
PA-0-234-F.jpg	505,468,1188,1959	1
PA-0-235-F.jpg	369,105,1584,2336	1
PA-0-236-F.jpg	362,190,1820,2608	1
PA-0-237-F.jpg	362,224,1671,2917	1
PA-0-237-R.jpg	343,231,1980,3006	1
PA-0-238-F.jpg	377,128,1732,2674	1
PA-0-239-F.jpg	183,200,1794,2811	1
PA-0-240-F.jpg	281,242,1565,2604	1
PA-0-241-F.jpg	518,293,1303,2246	1
PA-0-242-F.jpg	586,329,1280,2189	1
PA-0-243-F.jpg	485,429,1458,2460	1
PA-0-244-F.jpg	850,90,834,3174	3
PA-0-245-F.jpg	609,260,1472,2671	1
PA-0-246-F.jpg	445,296,1484,2389	1
PA-0-247-F.jpg	424,204,1547,2614	1
PA-0-248-F.jpg	471,328,1543,2559	1
PA-0-249-F.jpg	425,97,1692,2885	1
PA-0-250-F.jpg	451,294,1477,2551	1
PA-0-251-F.jpg	425,240,1579,2783	1
PA-0-252-F.jpg	460,209,1545,2621	1
PA-0-253-F.jpg	272,201,1672,2773	1
PA-0-254-F.jpg	634,405,1522,2576	1
PA-0-255-F.jpg	406,361,1578,2582	1
PA-0-256-F.jpg	451,395,1608,2620	1
PA-0-257-F.jpg	522,236,1426,2405	1
PA-0-258-F.jpg	393,286,1661,2648	1
PA-0-259-A-F.jpg	510,376,1474,2498	1
PA-0-259-B-F.jpg	645,334,1370,2411	1
PA-0-259-F.jpg	491,318,1672,2800	1
PA-0-260-F.jpg	434,411,1207,1930	1
PA-0-261-F.jpg	479,458,1316,1910	1
PA-0-262-F.jpg	361,313,1607,2349	1
PA-0-263-F.jpg	514,643,1378,1927	1
PA-0-264-F.jpg	347,485,1534,2167	1
PA-0-265-F.jpg	219,243,1758,2687	1
PA-0-273-F.jpg	222,144,1883,3092	1
PA-0-274-F.jpg	413,318,1564,2568	1
PA-0-275-F.jpg	488,401,1513,2537	1
PA-0-276-F.jpg	395,371,1612,2538	1
PA-0-277-F.jpg	303,190,1852,3074	1
PA-0-278-F.jpg	355,238,1699,2625	1
PA-0-279-F.jpg	280,263,1722,2726	1
PA-0-280-F.jpg	214,141,1673,2543	1
PA-0-281-F.jpg	349,107,1604,2966	1
PA-0-282-F.jpg	398,305,1787,2826	1
PA-0-283-F.jpg	540,117,1553,3106	1
PA-0-284-F.jpg	476,168,1784,2831	1
PA-0-285-F.jpg	404,76,1641,2919	1
PA-0-286-F.jpg	503,145,1555,2728	1
PA-0-287-F.jpg	387,180,1576,2744	1
PA-0-288-F.jpg	267,225,1780,2984	1
PA-0-289-F.jpg	273,174,1739,2896	1
PA-0-290-F.jpg	140,295,2223,2740	3
PA-0-290-F.jpg	236,300,1693,2450	1
PA-0-290-R.jpg	187,364,2165,2480	3
PA-0-291-F.jpg	281,257,1833,2914	1
PA-0-292-F.jpg	282,195,1828,2945	1
PA-0-293-F.jpg	221,233,1790,2790	1
PA-0-294-A-F.jpg	172,53,1811,2792	1
PA-0-294-B-F.jpg	320,58,1700,2831	1
PA-0-294-F.jpg	281,45,1706,2669	1
PA-0-295-F.jpg	253,509,1647,2465	1
PA-0-296-F.jpg	457,599,1470,1956	1
PA-0-297-F.jpg	358,546,1522,2104	1
PA-0-298-F.jpg	334,423,1565,2115	1
PA-0-299-F.jpg	423,408,1446,2068	1
PA-0-300-F.jpg	333,322,1679,2387	1
PA-0-310-F.jpg	495,239,1562,2698	1
PA-0-311-F.jpg	254,308,1806,2868	1
PA-0-312-F.jpg	330,182,1714,2739	1
PA-0-313-F.jpg	214,174,1795,3007	1
PA-0-314-F.jpg	442,200,1570,2556	1
PA-0-315-F.jpg	397,242,1633,2889	1
PA-0-316-F.jpg	461,182,1519,2909	3
PA-0-317-F.jpg	409,129,1913,3135	1
PA-0-318-F.jpg	377,189,1907,3056	1
PA-0-319-F.jpg	262,145,1818,3014	1
PA-0-320-F.jpg	627,339,1377,2767	2
PA-0-321-F.jpg	463,93,1679,2903	1
PA-0-322-F.jpg	452,186,1681,2887	1
PA-0-323-F.jpg	591,539,1296,2583	2
PA-0-324-F.jpg	514,195,1373,2520	1
PA-0-324-R.jpg	442,99,1605,2864	1
PA-0-325-F.jpg	548,161,1547,2793	1
PA-0-325-R.jpg	510,166,1612,2938	1
PA-0-326-F.jpg	490,164,1529,2619	1
PA-0-327-F.jpg	344,200,1608,2784	1
PA-0-328-F.jpg	515,101,1662,2937	1
PA-0-329-F.jpg	298,345,1806,2893	1
PA-0-329-R.jpg	361,275,1678,2810	1
PA-0-330-F.jpg	245,177,1796,3003	1
PA-0-331-A-F.jpg	548,256,1568,2776	1
PA-0-331-B-F.jpg	448,40,1694,2933	1
PA-0-331-F.jpg	667,370,1341,2390	1
PA-0-332-F.jpg	628,575,1053,1703	1
PA-0-333-F.jpg	411,397,1628,2293	1
PA-0-334-F.jpg	431,557,1480,2184	1
PA-0-335-F.jpg	495,623,1380,1906	1
PA-0-336-F.jpg	551,597,1403,1905	1
PA-0-337-F.jpg	493,487,1538,2169	1
PA-0-364-F.jpg	556,443,1567,2431	1
PA-0-365-F.jpg	405,298,1652,2449	1
PA-0-366-F.jpg	522,512,1358,1945	1
PA-0-367-F.jpg	490,479,1520,2290	1
PA-0-368-F.jpg	418,663,1374,2166	1
PA-0-369-F.jpg	455,508,1569,2281	1
PB-0-338-F.jpg	145,190,2288,3074	3
PB-0-339-F.jpg	521,310,1383,2547	1
PB-0-340-F.jpg	542,301,1456,2676	1
PB-0-341-F.jpg	684,455,1188,2481	1
PB-0-342-F.jpg	625,308,1413,2588	1
PB-0-343-F.jpg	625,424,1432,2450	1
PB-0-344-F.jpg	582,401,1452,2526	1
PB-0-345-F.jpg	487,379,1474,2443	1
PB-0-346-F.jpg	478,297,1626,2850	1
PB-0-347-F.jpg	457,431,1480,2651	1
PB-0-348-F.jpg	557,656,1272,2125	1
PB-0-349-F.jpg	557,468,1267,2125	1
PB-0-350-F.jpg	751,522,1171,2200	1
PB-0-351-F.jpg	543,539,1388,2327	1
PB-0-352-F.jpg	362,633,1474,2541	1
PB-0-353-F.jpg	808,530,1279,2390	1
PB-0-354-F.jpg	654,567,1087,1947	1
PB-0-355-F.jpg	573,599,1261,2144	1
PB-0-356-F.jpg	569,505,1329,2633	1
PB-0-357-F.jpg	490,586,1304,2395	1
PB-0-358-F.jpg	467,420,1431,2672	1
PB-0-359-F.jpg	446,190,1606,2544	1
PB-0-360-F.jpg	411,408,1532,2563	1
PB-0-361-F.jpg	284,112,2023,3130	1
PB-0-370-F.jpg	578,503,1388,2267	1
PB-0-371-F.jpg	368,620,1473,2401	1
PB-0-372-F.jpg	485,413,1540,2419	1
PB-0-372-R.jpg	364,512,1447,2290	1
PB-0-373-F.jpg	462,432,1602,2444	1
PB-0-374-F.jpg	416,411,1562,2514	1
PB-0-374-R.jpg	464,542,1339,2041	1
PB-0-375-F.jpg	246,413,1934,2840	1
PB-0-376-F.jpg	573,342,1332,2402	1
PB-0-376-R.jpg	547,134,1422,2298	1
PB-0-377-F.jpg	553,614,1242,2183	1
PB-0-377-R.jpg	697,457,1455,2364	1
PB-0-378-F.jpg	427,466,1432,2444	1
PB-0-379-F.jpg	471,399,1463,2495	1
PB-0-380-F.jpg	428,334,1499,2506	1
PB-0-381-F.jpg	332,474,1554,2522	1
PB-0-392-F.jpg	568,479,1321,2149	1
PB-0-393-F.jpg	589,476,1282,1727	1
PB-0-394-F.jpg	430,430,1547,2198	1
PB-0-395-F.jpg	481,316,1573,2502	1
PB-0-396-F.jpg	236,340,1876,2525	3
PB-0-397-F.jpg	441,420,1528,2504	1
PB-0-398-F.jpg	444,242,1775,2697	1
PB-0-399-F.jpg	786,709,917,2307	3
PB-0-400-F.jpg	610,399,1546,2618	1
PB-0-402-F.jpg	616,206,1126,2679	3
PB-0-403-F.jpg	721,537,1051,2555	3
PB-0-404-F.jpg	602,384,1557,2495	1
PB-0-405-F.jpg	760,217,1016,2749	3
PB-0-407-F.jpg	518,261,1398,2185	1
PB-0-408-F.jpg	634,446,1280,2035	1
PB-0-408-R.jpg	275,201,1682,2669	1
PB-0-409-F.jpg	359,390,1667,2647	1
PB-0-410-F.jpg	503,464,1600,2487	1
PB-0-411-F.jpg	320,260,1826,2918	1
PB-0-412-F.jpg	224,295,1780,2663	1
PB-0-413-F.jpg	283,222,1862,2892	1
PB-0-414-F.jpg	587,333,1489,2269	1
PB-0-415-F.jpg	567,341,1536,2528	1
PB-0-416-F.jpg	548,311,1668,2522	1
PB-0-416-R.jpg	435,408,1641,2627	1
PB-0-417-F.jpg	500,330,1496,2287	1
PB-0-418-F.jpg	436,223,1552,2583	1
PB-0-419-A-F.jpg	610,494,1591,2437	1
PB-0-419-B-F.jpg	462,390,1786,2874	1
PB-0-419-F.jpg	666,442,1376,2580	3
PB-0-420-F.jpg	459,539,1568,1923	1
PB-0-421-F.jpg	460,829,1276,1094	3
PB-0-422-F.jpg	527,867,1275,1100	3
PB-0-423-F.jpg	572,213,1346,2364	1
PB-0-424-F.jpg	683,489,1155,1908	1
PB-0-425-F.jpg	529,441,1377,2359	1
PB-0-425-R.jpg	269,392,1858,2849	1
PB-0-426-A-F.jpg	418,315,1648,2710	1
PB-0-426-B-F.jpg	404,328,1702,2778	1
PB-0-426-C-F.jpg	353,275,1546,2665	1
PB-0-426-D-F.jpg	514,246,1480,2590	1
PB-0-426-F.jpg	481,343,1524,2455	1
PB-0-427-F.jpg	433,144,1146,2635	3
PB-0-427-R.jpg	529,137,1281,2784	3
PB-0-429-B-F.jpg	624,935,847,1675	3
PB-0-429-F.jpg	358,186,1922,3066	3
PB-0-432-F.jpg	484,274,1407,2585	1
PB-0-433-F.jpg	391,153,1429,2649	1
PB-0-434-F.jpg	333,261,1574,2759	1
PB-0-435-F.jpg	223,110,1638,2973	1
PB-0-436-F.jpg	260,198,1745,3060	1
PB-0-437-F.jpg	357,217,1590,2762	1
PB-0-438-F.jpg	210,222,1830,2847	1
PB-0-439-F.jpg	317,21,1761,3124	1
PB-0-440-F.jpg	324,249,1615,3000	1
PB-0-441-F.jpg	317,156,1641,3024	1
PB-0-442-F.jpg	214,184,1841,2994	1
PB-0-443-F.jpg	529,354,1722,2900	1
PB-0-444-F.jpg	461,245,1613,2940	1
PB-0-445-F.jpg	330,410,1866,2837	1
PB-0-446-F.jpg	279,627,1571,2623	1
PB-0-447-F.jpg	286,471,1569,2398	1
PB-0-448-F.jpg	347,284,1668,2432	1
PB-0-449-F.jpg	666,242,1377,2432	1
PB-0-450-F.jpg	403,401,1819,2521	1
PB-0-451-F.jpg	553,309,1341,2352	1
PB-0-452-F.jpg	377,259,1441,2531	1
PB-0-453-F.jpg	411,314,1613,2797	1
PB-0-454-F.jpg	407,276,1563,2809	1
PB-0-455-F.jpg	568,347,1444,2512	1
PB-0-456-F.jpg	624,348,1292,1907	1
PB-0-457-F.jpg	599,495,1405,2030	1
PB-0-458-F.jpg	483,403,1533,2181	1
PB-0-459-F.jpg	474,532,1449,1998	1
PB-0-460-F.jpg	362,405,1497,1954	1
PB-0-460-R.jpg	378,481,1534,2128	1
PB-0-461-F.jpg	562,326,1415,2019	1
PB-0-462-F.jpg	202,481,1793,2041	3
PB-0-463-F.jpg	218,246,2082,2370	3
PB-0-464-F.jpg	724,475,1131,1814	1
PB-0-465-F.jpg	232,258,1890,2555	3
PB-0-466-F.jpg	488,457,1384,2316	1
PB-0-467-F.jpg	374,385,1485,2470	1
PB-0-467-R.jpg	355,293,1518,2464	1
PB-0-468-F.jpg	134,58,1642,2673	1
PB-0-469-F.jpg	110,50,1566,2476	1
PB-0-470-F.jpg	489,282,1501,2394	1
PB-0-471-F.jpg	500,342,1606,2573	1
PB-0-472-F.jpg	476,402,1477,2231	1
PB-0-472-R.jpg	481,322,1620,2503	1
PB-0-473-F.jpg	770,517,932,2462	3
PB-0-474-F.jpg	473,168,1617,2619	1
PB-0-475-F.jpg	339,287,1852,2959	1
PB-0-476-F.jpg	318,414,1774,2714	1
PB-0-477-F.jpg	293,360,1846,2904	1
PB-0-478-F.jpg	286,287,1826,2748	1
PB-0-479-F.jpg	271,359,1735,2725	1
PB-0-480-F.jpg	233,205,1781,2878	1
PB-0-480-R.jpg	307,242,1770,2994	1
PB-0-481-F.jpg	538,505,1581,2439	1
PB-0-482-F.jpg	323,121,1749,2779	1
PB-0-482-R.jpg	434,133,1767,2819	1
PB-0-483-F.jpg	522,305,1603,2508	1
PB-0-484-F.jpg	517,301,1582,2781	1
PB-0-485-F.jpg	484,268,1621,2855	1
PB-0-486-F.jpg	236,270,1979,2989	1
PB-0-487-F.jpg	271,121,2059,3126	1
PB-0-488-F.jpg	171,341,1818,2896	1
PB-0-489-F.jpg	444,351,1461,2816	1
PB-0-490-F.jpg	367,307,1620,2896	1
PB-0-491-F.jpg	361,185,1833,3065	1
PB-0-492-F.jpg	371,410,1827,2847	1
PB-0-493-F.jpg	551,294,1579,2950	1
PB-0-494-F.jpg	292,348,1961,2895	1
PB-0-495-F.jpg	437,227,1563,3037	1
PB-0-496-F.jpg	494,599,1411,1894	1
PB-0-497-F.jpg	553,318,1407,2070	1
PB-0-498-F.jpg	584,576,1399,1890	1
PB-0-499-F.jpg	59,434,2304,2806	3
PB-0-501-F.jpg	405,531,1350,1886	1
PB-0-502-F.jpg	530,786,1202,1747	1
PB-0-503-F.jpg	609,794,1285,1803	1
PB-0-503-R.jpg	739,512,1362,1955	1
PB-0-504-F.jpg	386,455,1537,2232	1
PB-0-505-F.jpg	436,637,1382,1954	1
PB-0-506-F.jpg	488,668,1368,1915	1
PB-0-507-F.jpg	476,591,1409,1876	1
PB-0-508-F.jpg	596,413,1337,2004	1
PB-0-509-F.jpg	454,542,1503,2199	1
PB-0-510-F.jpg	439,409,1609,2431	1
PB-0-511-F.jpg	125,392,1969,2768	1
PB-0-512-F.jpg	661,496,1351,2223	1
PB-0-513-F.jpg	504,438,1457,2390	1
PB-0-514-F.jpg	453,312,1595,2431	1
PB-0-515-F.jpg	448,366,1526,2340	1
PB-0-516-F.jpg	419,340,1543,2254	1
PB-0-517-F.jpg	421,167,1729,2715	1
PB-0-518-F.jpg	419,167,1570,2520	1
PB-0-519-F.jpg	452,286,1763,2725	1
PB-0-520-F.jpg	454,292,1509,2297	1
PB-0-521-F.jpg	610,366,1526,2131	1
PB-0-522-F.jpg	429,354,1598,2392	1
PB-0-523-F.jpg	465,340,1786,2665	1
PB-0-524-F.jpg	509,478,1548,2299	1
PB-0-525-F.jpg	295,241,1816,2899	1
PB-0-526-F.jpg	290,285,1920,2936	1
PB-0-527-F.jpg	355,137,1633,2745	1
PB-0-528-F.jpg	333,139,1795,2941	1
PB-0-529-F.jpg	469,461,1762,2781	1
PB-0-530-F.jpg	333,184,1626,2574	1
PB-0-531-F.jpg	434,136,1624,2742	1
PB-0-532-F.jpg	394,187,1658,2712	1
PB-0-533-F.jpg	577,354,1478,2462	1
PB-0-534-F.jpg	405,268,1652,2932	1
PB-0-535-F.jpg	495,269,1565,2741	1
PB-0-536-F.jpg	418,468,2568,1374	3
PB-0-538-F.jpg	144,202,3120,1756	3
PB-0-539-F.jpg	38,53,1772,2019	3
PB-0-540-F.jpg	502,618,1274,1780	1
PB-0-541-F.jpg	490,585,1282,1770	1
PB-0-542-F.jpg	395,468,1599,2294	1
PB-0-543-F.jpg	465,460,1536,2177	1
PB-0-544-F.jpg	227,354,1848,2621	1
PB-0-545-F.jpg	312,357,1828,2632	1
PB-0-546-F.jpg	207,282,1947,2721	1
PB-0-547-F.jpg	209,173,1976,2761	1
PB-0-548-F.jpg	185,378,1925,2588	1
PB-0-549-F.jpg	262,197,1877,2685	1
PB-0-550-F.jpg	566,222,2442,1852	3
PB-0-552-F.jpg	540,513,1389,1974	1
PB-0-553-F.jpg	428,499,1574,2118	1
PB-0-554-F.jpg	262,435,1756,2688	1
PB-0-555-F.jpg	286,435,1875,2669	1
PB-0-556-F.jpg	320,467,1804,2543	1
PB-0-557-F.jpg	424,319,1687,2462	1
PB-0-558-F.jpg	387,266,1714,2555	1
PB-0-559-F.jpg	449,364,1703,2488	1
PB-0-560-F.jpg	253,475,1808,2637	1
PB-0-561-F.jpg	397,324,1675,2336	1
PB-0-561-R.jpg	486,369,1536,2146	1
PB-0-562-F.jpg	397,309,1669,2526	1
PB-0-563-F.jpg	396,244,1817,2711	1
PB-0-564-F.jpg	325,155,1817,2732	1
PB-0-566-F.jpg	253,232,1958,3016	1
PB-0-567-F.jpg	226,154,1910,2812	1
PB-0-568-F.jpg	453,134,1984,3120	1
PB-0-569-F.jpg	410,300,1794,2677	1
PB-0-570-F.jpg	471,276,1691,2704	1
PB-0-570-R.jpg	455,256,1476,2332	1
PB-0-571-F.jpg	669,275,1581,2610	1
PB-0-572-F.jpg	301,254,1955,3008	1
PB-0-573-F.jpg	186,166,1996,3064	1
PB-0-574-F.jpg	262,276,1877,2739	1
PB-0-575-F.jpg	390,252,1805,2830	1
PB-0-576-F.jpg	357,448,1570,2532	1
PB-0-577-F.jpg	198,506,1638,2504	1
PB-0-578-F.jpg	189,393,1776,2657	1
PB-0-579-F.jpg	334,609,1704,2175	1
PB-0-580-F.jpg	338,812,1393,1835	1
PB-0-581-F.jpg	76,815,1875,1863	3
PB-0-582-F.jpg	616,10,1608,1502	3
PB-0-583-F.jpg	220,362,1802,2130	1
PB-0-584-F.jpg	367,376,1730,2287	1
PB-0-585-F.jpg	371,389,1864,2507	1
PB-0-586-F.jpg	307,470,1646,2298	1
PB-0-587-F.jpg	441,559,1613,2278	3
PB-0-588-F.jpg	75,325,3189,1935	3
PB-0-590-F.jpg	433,499,1531,2234	1
PB-0-590-R.jpg	593,442,1287,1936	1
PB-0-591-F.jpg	680,389,1459,2314	1
PB-0-591-R.jpg	383,246,1587,2240	1
PB-0-592-F.jpg	309,271,1726,2543	1
PB-0-593-F.jpg	336,166,1619,2325	1
PB-0-594-F.jpg	305,308,1473,2191	1
PB-0-595-F.jpg	139,73,1440,2157	1
PB-0-596-F.jpg	367,148,1684,2499	1
PB-0-597-F.jpg	498,213,1544,2253	1
PB-0-598-F.jpg	257,345,1650,2558	1
PB-0-599-F.jpg	347,277,1815,2830	1
PB-0-599-R.jpg	418,275,1673,2597	1
PB-0-600-F.jpg	413,200,1765,2977	1
PB-0-601-F.jpg	312,218,1649,2640	1
PB-0-602-F.jpg	304,185,1828,3020	1
PB-0-603-F.jpg	326,326,1774,2910	1
PB-0-604-F.jpg	470,305,1502,2397	1
PB-0-605-F.jpg	410,294,1431,2274	1
PB-0-606-F.jpg	465,351,1513,2364	1
PB-0-607-F.jpg	349,360,1691,2721	1
PB-0-608-F.jpg	399,219,1683,2612	1
PB-0-608-R.jpg	306,246,1533,2301	1
PB-0-609-F.jpg	357,220,1846,2868	1
PB-0-610-F.jpg	316,209,1980,3004	1
PB-0-611-F.jpg	321,233,1914,2953	1
PB-0-612-F.jpg	290,190,1884,3013	1
PB-0-613-F.jpg	322,170,1713,2635	1
PB-0-614-F.jpg	303,154,1724,2765	1
PB-0-615-F.jpg	144,286,1912,2882	1
PB-0-616-F.jpg	358,409,1940,2487	1
PB-0-617-F.jpg	365,230,1713,2633	1
PB-0-618-F.jpg	370,265,1587,2446	1
PB-0-619-F.jpg	505,612,1494,1778	1
PB-0-620-F.jpg	428,656,1685,1903	1
PB-0-621-F.jpg	391,578,1589,1971	1
PB-0-622-F.jpg	317,291,2838,1509	3
PB-0-624-F.jpg	340,432,1630,2291	1
PB-0-625-F.jpg	254,487,1667,2405	1
PB-0-626-F.jpg	369,645,1497,2206	1
PB-0-627-F.jpg	265,692,1504,2259	1
PB-0-627-R.jpg	279,455,1881,2771	1
PB-0-628-F.jpg	376,497,1629,2377	1
PB-0-629-F.jpg	329,391,1787,2700	1
PB-0-630-F.jpg	230,366,1876,2855	1
PB-0-631-F.jpg	289,280,1861,2935	1
PB-0-632-F.jpg	515,173,1621,2411	1
PB-0-633-F.jpg	372,202,1805,2559	1
PB-0-634-F.jpg	363,315,1775,2568	1
PB-0-634-R.jpg	416,415,1388,1976	1
PB-0-635-F.jpg	404,324,1426,2139	1
PB-0-636-F.jpg	231,331,1548,2225	1
PB-0-637-F.jpg	192,93,3072,2267	3
PB-0-638-F.jpg	509,366,1447,2019	1
PB-0-639-F.jpg	339,340,1520,2280	1
PB-0-640-F.jpg	321,411,1690,2594	1
PB-0-641-F.jpg	189,448,1603,2301	1
PB-0-642-F.jpg	149,296,1900,2795	1
PB-0-643-F.jpg	104,317,2015,2893	1
PB-0-644-F.jpg	101,290,1867,2706	1
PB-0-645-F.jpg	286,253,2154,2993	1
PB-0-646-F.jpg	448,539,1911,2652	1
PB-0-647-F.jpg	177,173,2020,3004	1
PB-0-648-F.jpg	169,233,1858,2657	1
PB-0-649-F.jpg	125,291,2000,2813	1
PB-0-650-F.jpg	120,356,2017,2800	1
PB-0-651-F.jpg	519,304,1665,2463	1
PB-0-652-F.jpg	564,492,1608,2352	1
PB-0-653-F.jpg	453,133,2428,1904	3
PB-0-654-F.jpg	379,339,1589,2496	1
PB-0-654-R.jpg	539,301,1449,2287	1
PB-0-655-F.jpg	551,243,1518,2374	1
PB-0-655-R.jpg	231,141,1782,2858	1
PB-0-656-A-F.jpg	942,666,868,1747	3
PB-0-656-A-F.jpg	949,624,867,1779	3
PB-0-656-F.jpg	114,267,1009,2103	2
PB-0-657-A-F.jpg	979,665,849,1766	3
PB-0-657-F.jpg	439,519,1489,1999	1
PB-0-658-A-F.jpg	983,696,919,1758	3
PB-0-658-F.jpg	127,99,1331,1811	1
PB-0-659-A-F.jpg	1044,642,861,1793	3
PB-0-659-F.jpg	511,414,1250,1721	1
PB-0-660-A-F.jpg	1019,623,845,1788	3
PB-0-660-F.jpg	525,580,1457,1848	1
PB-0-661-A-F.jpg	1009,557,975,2048	3
PB-0-661-F.jpg	262,419,1871,2680	1
PB-0-662-A-F.jpg	1051,650,901,1839	3
PB-0-662-F.jpg	341,307,1738,2455	1
PB-0-663-A-F.jpg	754,356,1089,2241	2
PB-0-663-F-.jpg	305,306,1752,2513	1
PB-0-664-A-F.jpg	779,384,1157,2348	2
PB-0-664-F.jpg	217,303,1863,2597	1
PB-0-665-A-F.jpg	1019,827,877,1759	3
PB-0-665-F.jpg	349,290,1760,2553	1
PB-0-666-A-F.jpg	1044,468,978,2022	3
PB-0-666-F.jpg	253,392,1842,2579	1
PB-0-667-A-F.jpg	1094,505,952,1918	3
PB-0-667-F.jpg	331,332,1629,2256	1
PB-0-668-A-F.jpg	890,791,933,1939	3
PB-0-668-F.jpg	496,349,1589,2376	1
PB-0-669-A-F.jpg	637,644,1936,866	2
PB-0-669-F.jpg	236,317,1827,2545	1
PB-0-670-A-F.jpg	782,922,2121,1002	3
PB-0-670-F.jpg	347,373,1764,2616	1
PB-0-671-A-F.jpg	802,1114,1942,1005	3
PB-0-671-F.jpg	280,137,1814,3095	1
PB-0-672-A-F.jpg	647,952,864,1728	3
PB-0-672-F.jpg	96,347,1802,2465	1
PB-0-673-A-F.jpg	597,903,860,1711	3
PB-0-673-F.jpg	218,520,1561,2231	1
PB-0-674-F.jpg	219,452,1641,2302	1
PB-0-675-F.jpg	247,532,1478,2093	1
PB-0-676-F.jpg	174,410,1703,2409	1
PB-0-677-A-F.jpg	555,560,2709,1483	3
PB-0-677-F.jpg	341,495,1599,2187	1
PB-0-678-A-F.jpg	97,224,2887,1363	3
PB-0-678-F.jpg	520,512,1421,2137	1
PB-0-679-A-F.jpg	48,390,2897,1437	3
PB-0-679-F.jpg	425,354,1407,2179	1
PB-0-680-A-F.jpg	107,439,2791,1347	3
PB-0-680-F.jpg	468,272,1539,2305	1
PB-0-681-A-F.jpg	26,415,2981,1539	3
PB-0-681-F.jpg	395,448,1436,2221	1
PB-0-682-F.jpg	325,353,1569,2269	1
PB-0-683-F.jpg	281,468,1576,2304	1
PB-0-684-A-F.jpg	56,283,2855,1332	3
PB-0-684-F.jpg	308,391,1506,2206	1
PB-0-685-A-F.jpg	253,494,2480,1188	3
PB-0-685-F.jpg	291,160,1586,2533	1
PB-0-686-A-F.jpg	504,67,2030,1926	3
PB-0-686-F.jpg	201,438,1647,2585	1
PB-0-687-A-F.jpg	812,309,1176,2441	2
PB-0-687-F.jpg	464,426,1585,2347	1
PB-0-688-A-F.jpg	703,387,1221,2469	2
PB-0-688-F.jpg	487,207,1823,2873	1
PB-0-689-A-F.jpg	865,380,1204,2365	2
PB-0-689-F.jpg	387,471,1505,2384	1
PB-0-690-A-F.jpg	546,552,1197,2437	2
PB-0-690-F.jpg	352,312,1516,2303	1
PB-0-691-A-F.jpg	690,382,1203,2443	2
PB-0-691-F.jpg	483,266,1575,2392	1
PB-0-692-F.jpg	433,260,1845,2844	1
PB-0-693-A-F.jpg	665,546,1173,2373	2
PB-0-693-F.jpg	382,104,1613,2503	1
PB-0-694-A-F.jpg	694,343,1218,2479	2
PB-0-695-A-F.jpg	815,499,1137,2268	2
PB-0-696-F.jpg	600,285,1323,2382	1
PB-0-697-F.jpg	487,324,1413,2436	1
PB-0-698-F.jpg	639,359,1369,2568	1
PB-0-700-F.jpg	517,487,1517,2618	1
PB-0-701-F.jpg	538,412,1532,2708	1
PB-0-702-F.jpg	544,106,1539,2668	1
PB-0-703-F.jpg	598,342,1276,2353	1
PB-0-704-F.jpg	579,359,1287,2241	1
PB-0-705-F.jpg	636,205,1305,2296	1
PB-0-706-F.jpg	553,255,1317,2279	1
PB-0-707-F.jpg	438,267,1565,2546	1
PB-0-708-F.jpg	430,169,1496,2474	1
PB-0-709-F.jpg	355,144,1525,2517	1
PB-0-710-F.jpg	562,405,1738,2839	1
PB-0-711-F.jpg	542,466,1715,2779	1
PB-0-712-F.jpg	428,323,1718,2882	1
PB-0-713-F.jpg	394,271,1571,2670	1
PB-0-714-F.jpg	317,355,1820,2909	1
PB-0-715-F.jpg	318,215,1877,3010	1
PB-0-716-F.jpg	447,289,1677,2958	1
PB-0-717-F.jpg	441,178,1653,2753	1
PB-0-718-F.jpg	422,221,1682,2754	1
PB-0-718-R.jpg	81,99,2155,3150	1
PB-0-719-F.jpg	358,291,1515,2683	1
PB-0-719-R.jpg	504,268,1498,2286	1
PC-0-1-F.jpg	314,204,1666,2903	1
PC-0-2-F.jpg	425,242,1639,2789	1
PC-0-3-F.jpg	406,202,1722,3026	1
PC-0-4-F.jpg	377,284,1736,2907	1
PC-0-5-F.jpg	563,363,1670,2849	1
PC-0-6-F.jpg	574,303,1619,2742	1
PC-0-7-F.jpg	517,296,1689,2809	1
PC-0-8-F.jpg	468,369,1632,2741	1
PC-0-9-F.jpg	402,269,1743,2995	1
PC-0-10-F.jpg	500,343,1535,2801	1
PC-0-11-F.jpg	389,460,1694,2804	1
PC-0-12-F.jpg	261,367,1599,2629	1
PC-0-13-F.jpg	181,412,1485,2387	1
PC-0-14-F.jpg	641,227,1449,2504	1
PC-0-15-F.jpg	545,239,1490,2618	1
PC-0-16-F.jpg	526,420,1433,2528	1
PC-0-17-F.jpg	104,101,1493,2492	1
PC-0-18-F.jpg	32,21,1804,2956	1
PC-0-19-F.jpg	335,279,1757,2811	1
PC-0-20-F.jpg	513,225,1633,2742	1
PC-0-21-F.jpg	563,497,1628,2539	1
PC-0-22-F.jpg	470,232,1824,3016	1
PC-0-23-F.jpg	591,274,1844,2981	1
PC-0-24-F.jpg	444,193,1945,3067	1
PC-0-24-R.jpg	378,111,1752,2748	1
PC-0-25-F.jpg	444,265,1494,2322	1
PC-0-26-F.jpg	591,459,1469,2224	1
PC-0-27-F.jpg	394,149,1815,2769	1
PC-0-28-F.jpg	247,215,1968,2984	1
PC-0-29-F.jpg	262,202,1947,3062	1
PC-0-30-F.jpg	193,92,1920,2944	1
PC-0-31-F.jpg	290,144,1923,2938	1
PC-0-32-F.jpg	298,282,1944,2952	1
PC-0-33-F.jpg	461,211,1718,2700	1
PC-0-34-F.jpg	461,494,1494,2248	1
PC-0-35-F.jpg	401,296,1821,2832	1
PC-0-36-F.jpg	301,23,1893,3052	1
PC-0-37-F.jpg	83,69,1692,2659	1
PC-0-38-F.jpg	281,126,1903,3066	1
PC-0-39-F.jpg	188,298,1986,2941	1
PC-0-40-F.jpg	193,222,2081,3028	1
PC-0-41-F.jpg	214,136,2124,3117	1
PC-0-42-F.jpg	132,191,2303,3059	1
PC-0-43-F.jpg	202,296,2182,2950	1
PC-0-44-F.jpg	198,353,1921,2860	1
PC-0-45-F.jpg	329,202,1673,2671	1
PC-0-46-F.jpg	308,207,1931,2963	1
PC-0-47-F.jpg	107,80,2049,3163	1
PC-0-48-F.jpg	88,3,2100,3108	1
PC-0-49-F.jpg	152,64,2007,3167	1
PC-0-50-F.jpg	339,419,1637,2314	1
PC-0-51-F.jpg	229,413,2071,2830	1
PC-0-52-F.jpg	428,270,1582,2518	1
PC-0-53-F.jpg	147,188,1914,3005	1
PC-0-54-F.jpg	229,116,1905,2911	1
PC-0-55-F.jpg	310,174,1853,2988	1
PC-0-56-F.jpg	358,169,1959,2949	1
PC-0-57-F.jpg	188,101,2026,3158	1
PC-0-58-F.jpg	291,388,1912,2866	1
PC-0-59-F.jpg	285,88,1995,3164	1
PC-0-60-F.jpg	285,365,1959,2890	1
PC-0-61-F.jpg	489,179,1721,2952	1
PC-0-62-F.jpg	506,270,1579,2623	1
PC-0-63-F.jpg	498,177,1573,2721	1
PC-0-64-F.jpg	65,45,1573,2741	1
PC-0-65-F.jpg	448,198,1708,2684	1
PC-0-66-F.jpg	379,120,1801,3130	1
PC-0-67-F.jpg	800,221,1908,1776	3
PC-0-68-F.jpg	503,224,1656,2582	1
PC-0-69-F.jpg	191,42,2213,3200	1
PC-0-70-F.jpg	830,184,864,2763	3
PC-0-71-F.jpg	683,329,1093,2816	2
PC-0-73-F.jpg	599,642,904,2596	3
PC-0-74-F.jpg	592,378,1461,2423	1
PC-0-75-F.jpg	100,58,1774,2797	1
PC-0-76-F.jpg	93,124,1648,2640	1
PC-0-77-F.jpg	261,275,1851,2822	1
PC-0-78-F.jpg	212,160,1910,2971	1
PC-0-79-F.jpg	588,303,1543,2680	1
PC-0-80-F.jpg	376,368,2024,2880	1
PC-0-81-F.jpg	435,324,1995,2919	1
PC-0-82-F.jpg	296,263,2069,2984	1
PC-0-82-R.jpg	427,326,1766,2863	1
PC-0-83-F.jpg	519,407,1487,2558	1
PC-0-85-F.jpg	490,332,1807,2919	1
PC-0-86-F.jpg	481,407,1733,2753	1
PC-0-87-F.jpg	465,255,1682,2858	1
PC-0-88-F.jpg	580,121,1769,3106	1
PC-0-89-F.jpg	357,209,1720,2869	1
PC-0-90-F.jpg	462,113,1683,2667	1
PC-0-91-F.jpg	697,401,883,2723	3
PC-0-92-F.jpg	308,584,1553,1682	1
PC-0-93-F.jpg	241,721,1956,1639	3
PC-0-94-F.jpg	315,408,1752,2434	1
PC-0-95-F.jpg	210,352,1871,2912	1
PC-0-96-F.jpg	300,308,1688,2660	1
PC-0-97-F.jpg	397,222,1792,2951	1
PC-0-98-F.jpg	356,168,1769,2951	1
PC-0-99-F.jpg	249,208,2015,3041	1
PC-0-101-F.jpg	238,210,1836,3022	1
PC-0-101-R.jpg	337,70,1794,2913	1
PC-0-102-F.jpg	209,168,1869,2879	1
PC-0-103-F.jpg	197,180,1808,2769	1
PC-0-104-F.jpg	213,172,1859,2951	1
PC-0-105-F.jpg	197,223,1962,3039	1
PC-0-106-F.jpg	100,169,2156,3095	1
PC-0-107-F.jpg	319,194,1794,2728	1
PC-0-108-F.jpg	271,229,1720,2615	1
PC-0-109-F.jpg	338,175,1842,3060	1
PC-0-110-F.jpg	248,219,1914,3014	1
PC-0-111-F.jpg	171,330,2122,2915	1
PC-0-112-F.jpg	61,183,2002,2971	1
PC-0-113-F.jpg	384,232,1606,2402	1
PC-0-114-F.jpg	320,210,1591,2404	1
PC-0-115-F.jpg	349,318,1669,2506	1
PC-0-116-F.jpg	332,258,1618,2577	1
PC-0-117-F.jpg	317,366,1663,2589	1
PC-0-118-F.jpg	429,187,1643,2554	1
PC-0-119-F.jpg	312,232,1756,2857	1
PC-0-120-F.jpg	454,185,1628,2662	1
PC-0-121-F.jpg	384,217,1817,2923	1
PC-0-122-F.jpg	423,184,1686,2699	1
PC-0-123-F.jpg	331,230,1922,2968	1
PC-0-124-F.jpg	320,226,1678,2770	1
PC-0-125-F.jpg	424,179,1589,2752	1
PC-0-126-F.jpg	385,255,1637,2959	1
PC-0-127-F.jpg	463,422,1801,2820	1
PC-0-128-F.jpg	495,459,1561,2761	1
PC-0-129-F.jpg	433,121,1578,2800	1
PC-0-130-F.jpg	324,125,1719,2941	1
PC-0-131-F.jpg	427,166,1685,2742	1
PC-0-132-F.jpg	457,215,1573,2612	1
PC-0-133-F.jpg	422,278,1771,2927	1
PC-0-134-F.jpg	270,221,1731,2838	1
PC-0-135-F.jpg	409,354,1558,2446	1
PC-0-136-F.jpg	268,157,1814,2937	1
PC-0-137-F.jpg	191,221,1774,2836	1
PC-0-139-F.jpg	245,399,1815,2850	1
PC-0-140-F.jpg	367,389,1787,2702	1
PC-0-141-F.jpg	499,256,1568,2486	1
PC-0-142-F.jpg	327,432,1651,2529	1
PC-0-143-F.jpg	328,480,1582,2425	1
PC-0-144-F.jpg	393,296,1730,2938	1
PC-0-145-F.jpg	464,287,1515,2518	1
PC-0-146-F.jpg	324,296,1510,2542	1
PC-0-147-F.jpg	307,137,1651,2738	1
PC-0-148-F.jpg	291,314,1738,2913	1
PC-0-149-F.jpg	393,320,1717,2860	1
PC-0-149-R.jpg	464,448,1293,2182	1
PC-0-150-F.jpg	482,425,1370,2300	1
PC-0-151-F.jpg	446,298,1560,2621	1
PC-0-152-F.jpg	482,491,1473,2334	1
PC-0-153-F.jpg	150,298,1687,2913	1
PC-0-154-F.jpg	432,398,1641,2786	1
PC-0-155-F.jpg	380,321,1693,2874	1
PC-0-156-F.jpg	192,218,1930,3025	1
PC-0-157-F.jpg	324,272,1917,2985	1
PC-0-158-F.jpg	276,334,1855,2927	1
PC-0-160-F.jpg	212,400,1936,2863	1
PC-0-161-F.jpg	397,400,1778,2687	1
PC-0-162-F.jpg	248,374,1748,2563	1
PC-0-163-F.jpg	265,418,1638,2536	1
PC-0-164-F.jpg	437,388,1452,2319	1
PC-0-165-F.jpg	337,390,1677,2582	1
PC-0-166-F.jpg	384,315,1535,2511	1
PC-0-166-R.jpg	376,306,1599,2613	1
PC-0-166A-F.jpg	781,271,1123,2589	2
PC-0-167-F.jpg	440,212,1502,2499	1
PC-0-167-R.jpg	494,394,1487,2391	1
PC-0-168-F.jpg	329,444,1501,2457	1
PC-0-169-F.jpg	580,435,1332,2286	1
PC-0-170-F.jpg	377,492,1328,2216	1
PC-0-171-F.jpg	389,690,1468,2463	1
PC-0-172-F.jpg	247,434,1481,2557	1
PC-0-173-F.jpg	347,553,1530,2437	1
PC-0-174-F.jpg	363,285,1653,2736	1
PC-0-175-F.jpg	245,207,1591,2744	1
PC-0-176-F.jpg	381,307,1739,2801	1
PC-0-177-F.jpg	289,425,1655,2637	1
PC-0-178-F.jpg	428,349,1650,2667	1
PC-0-179-F.jpg	158,253,1820,2820	1
PC-0-180-F.jpg	344,360,1907,2895	1
PC-0-181-F.jpg	168,312,1836,2715	1
PC-0-181-R.jpg	594,525,1267,2078	1
PC-0-182-F.jpg	334,343,1573,2605	1
PC-0-183-F.jpg	425,380,1472,2395	1
PC-0-184-F.jpg	189,172,1806,2794	1
PC-0-184-R.jpg	349,293,1500,2499	1
PC-0-185-F.jpg	393,293,1442,2416	1
PC-0-185-R.jpg	352,266,1608,2587	1
PC-0-186-F.jpg	388,251,1665,2738	1
PC-0-186-R.jpg	193,213,1730,2730	1
PC-0-187-F.jpg	350,401,1585,2646	1
PC-0-188-F.jpg	432,194,1571,2661	1
PC-0-189-F.jpg	498,304,1311,2314	1
PC-0-190-F.jpg	465,211,1456,2545	1
PC-0-191-F.jpg	482,221,1558,2738	1
PC-0-192-F.jpg	368,162,1588,2745	1
PC-0-193-F.jpg	430,269,1527,2639	1
PC-0-194-F.jpg	227,110,1754,2953	1
PC-0-196-F.jpg	421,269,1679,2995	1
PC-0-196-R.jpg	242,123,2042,3141	1
PC-0-198-F.jpg	525,253,1429,2573	1
PC-0-199-F.jpg	422,115,1723,2988	1
PC-0-200-F.jpg	451,287,1616,2903	1
PC-0-200-R.jpg	379,159,1689,2901	1
PC-0-201-F.jpg	455,170,1544,2770	1
PC-0-202-F.jpg	242,141,1582,2851	1
PC-0-203-F.jpg	387,177,1564,2883	1
PC-0-204-F.jpg	338,204,1772,3043	1
PC-0-205-F.jpg	390,175,1630,2952	1
PD-0-1-A-F.jpg	271,100,1859,2834	1
PD-0-1-A-R.jpg	378,383,1760,2653	1
PD-0-1-F.jpg	594,414,1492,2630	1
PD-0-2-A-F.jpg	463,277,1699,2785	1
PD-0-2-F.jpg	521,358,1414,2438	1
PD-0-3-A-F.jpg	404,162,1661,2808	1
PD-0-3-F.jpg	661,312,1332,2406	1
PD-0-4-A-F.jpg	400,217,1672,2657	1
PD-0-4-A-R.jpg	436,244,1539,2477	1
PD-0-4-F.jpg	571,354,1280,2277	1
PD-0-5-A-F.jpg	511,281,1706,2654	1
PD-0-5-F.jpg	551,356,1512,2527	1
PD-0-6-A-F.jpg	408,291,1591,2645	1
PD-0-6-A-R.jpg	384,270,1549,2590	1
PD-0-6-F.jpg	452,516,1360,2379	1
PD-0-7-A-F.jpg	448,273,1528,2782	1
PD-0-7-A-R.jpg	237,271,1751,2973	1
PD-0-7-F.jpg	538,431,1417,2466	1
PD-0-8-F.jpg	602,493,1342,2429	1
PD-0-9-F.jpg	591,410,1372,2470	1
PD-0-10-A-F.jpg	468,74,1776,3171	1
PD-0-10-F.jpg	462,306,1446,2547	1
PD-0-11-A-F.jpg	396,185,1636,2839	1
PD-0-11-A-R.jpg	496,487,1314,2230	1
PD-0-11-F.jpg	434,255,1509,2487	1
PD-0-12-A-F.jpg	463,350,1579,2652	1
PD-0-12-F.jpg	493,462,1386,2341	1
PD-0-13-A-F.jpg	335,385,1517,2562	1
PD-0-13-A-R.jpg	639,441,1257,2095	1
PD-0-13-F.jpg	400,395,1477,2576	1
PD-0-14-A-F.jpg	276,250,1742,2744	1
PD-0-14-A-R.jpg	425,610,1236,1949	1
PD-0-14-F.jpg	426,305,1485,2488	1
PD-0-15-A-F.jpg	297,189,1710,2828	1
PD-0-15-A-R.jpg	645,482,1283,2065	1
PD-0-15-F.jpg	565,537,1340,2247	1
PD-0-16-A-F.jpg	419,339,1547,2466	1
PD-0-16-A-R.jpg	647,563,1416,2221	1
PD-0-16-F.jpg	428,433,1462,2382	1
PD-0-17-A-F.jpg	470,343,1582,2696	1
PD-0-17-F.jpg	439,344,1554,2539	1
PD-0-18-A-F.jpg	450,234,1584,2732	1
PD-0-18-A-R.jpg	435,285,1551,2346	1
PD-0-18-F.jpg	475,343,1495,2531	1
PD-0-19-A-F.jpg	340,266,1651,2704	1
PD-0-19-A-R.jpg	270,384,1752,2714	1
PD-0-19-F.jpg	423,449,1379,2244	1
PD-0-20-A-F.jpg	317,239,1624,2699	1
PD-0-20-A-R.jpg	467,553,1388,2228	1
PD-0-20-F.jpg	507,485,1532,2383	1
PD-0-21-A-F.jpg	409,159,1658,2711	1
PD-0-21-A-R.jpg	87,273,2217,2973	1
PD-0-21-F.jpg	495,409,1580,2678	1
PD-0-22-A-F.jpg	340,236,1647,2815	1
PD-0-22-A-R.jpg	186,311,1774,2742	1
PD-0-22-F.jpg	508,205,1510,2468	1
PD-0-23-F.jpg	265,273,1876,2827	1
PD-0-24-F.jpg	248,286,1970,2936	1
PD-0-25-F.jpg	226,332,2087,2932	1
PD-0-26-F.jpg	240,260,1916,2912	1
PD-0-27-F.jpg	161,390,2028,2560	1
PD-0-30-F.jpg	93,327,2072,2817	1
PD-0-31-F.jpg	236,367,1864,2678	1
PD-0-33-F.jpg	252,262,1799,2820	1
PD-0-34-F.jpg	365,502,1796,2728	1
PD-0-35-F.jpg	275,183,1884,3041	1
PD-0-36-F.jpg	331,376,1668,2780	1
PD-0-37-F.jpg	304,349,1754,2765	1
PD-0-38-F.jpg	438,213,1714,2683	1
PD-0-39-F.jpg	332,237,1701,2686	1
PD-0-40-F.jpg	265,117,1810,2821	1
PD-0-41-F.jpg	291,220,1765,2825	1
PD-0-42-F.jpg	268,81,1699,2749	1
PD-0-43-F.jpg	304,128,1739,2832	1
PD-0-44-F.jpg	260,55,1886,3055	1
PD-0-45-F.jpg	365,391,1663,2758	1
PD-0-46-F.jpg	374,452,1553,2558	1
PD-0-47-F.jpg	390,495,1671,2554	1
PD-0-49-F.jpg	154,503,1670,2423	1
PD-0-50-F.jpg	253,744,1731,2211	1
PD-0-51-F.jpg	454,945,1428,1746	1
PD-0-52-F.jpg	345,733,1595,2119	1
PD-0-54-F.jpg	287,464,1543,2496	1
PD-0-55-F.jpg	256,156,1723,2868	1
PD-0-56-F.jpg	146,153,1958,3095	1
PD-0-57-F.jpg	426,370,1533,2725	1
PD-0-58-F.jpg	264,278,1745,2791	1
PD-0-59-F.jpg	249,228,1613,2797	1
PD-0-60-F.jpg	251,280,1693,2659	1
PD-0-61-F.jpg	310,575,1705,2093	1
PD-0-62-F.jpg	217,555,1834,2133	1
PD-0-64-F.jpg	207,443,1617,2361	1
PD-0-65-F.jpg	307,358,1673,2671	1
PD-0-66-F.jpg	195,128,1927,3046	1
PD-0-67-F.jpg	311,225,1898,3024	1
PD-0-68-F.jpg	310,276,1717,2809	1
PD-0-69-F.jpg	267,395,1670,2666	1
PD-0-70-F.jpg	92,109,1827,2871	1
PD-0-71-F.jpg	339,106,1703,2934	1
PD-0-72-F.jpg	253,207,1701,2852	1
PD-0-73-F.jpg	308,204,1725,2718	1
PD-0-74-F.jpg	426,266,1624,2756	1
PD-0-75-F.jpg	262,233,1819,2928	1
PD-0-76-F.jpg	201,180,1811,2929	1
PD-0-77-F.jpg	268,216,1711,2973	1
PD-0-78-F.jpg	171,84,1891,3146	1
PD-0-79-F.jpg	157,86,1708,2998	1
PD-0-80-F.jpg	294,67,1674,3008	1
PD-0-81-F.jpg	426,220,1513,2674	1
PD-0-82-F.jpg	320,186,1592,2644	1
PD-0-83-F.jpg	266,390,1864,2168	1
PD-0-84-F.jpg	361,190,1733,2581	1
PD-0-85-F.jpg	380,293,1734,2483	1
PD-0-86-F.jpg	315,249,1867,2983	1
PD-0-87-F.jpg	374,184,1753,2966	1
PD-0-88-F.jpg	180,308,1762,2721	1
PD-0-89-F.jpg	326,283,1704,2678	1
PD-0-90-F.jpg	232,141,1841,3010	1
PD-0-91-F.jpg	454,284,1551,2594	1
PD-0-92-F.jpg	388,431,1653,2776	1
PD-0-93-F.jpg	475,161,1486,2584	1
PD-0-94-F.jpg	413,267,1597,2639	1
PD-0-94-R.jpg	441,342,1524,2504	1
PD-0-95-F.jpg	297,288,1509,2743	1
PD-0-96-F.jpg	492,350,1484,2609	1
PD-0-97-F.jpg	382,401,1593,2845	1
PD-0-98-F.jpg	483,353,1474,2598	1
PD-0-99-F.jpg	409,402,1495,2623	1
PD-0-100-F.jpg	481,354,1562,2719	1
PD-0-101-F.jpg	515,282,1467,2604	1
PD-0-102-F.jpg	456,447,1526,2714	1
PD-0-103-F.jpg	174,188,1620,2645	1
PD-0-104-F.jpg	371,185,1651,2819	1
PD-0-105-F.jpg	251,63,1788,3116	1
PD-0-106-F.jpg	151,111,1921,3131	1
PD-0-107-F.jpg	230,180,1914,3070	1
PD-0-108-F.jpg	294,265,1726,2765	1
PD-0-109-F.jpg	339,224,1660,2665	1
PD-0-110-F.jpg	403,207,1648,2610	1
PD-0-111-F.jpg	355,134,1732,2755	1
PD-0-112-F.jpg	210,108,1848,2903	1
PD-0-113-F.jpg	231,159,1770,2843	1
PD-0-114-F.jpg	194,138,1765,3042	1
PD-0-116-F.jpg	410,109,1773,3078	1
PD-0-117-F.jpg	243,120,2053,3128	1
PD-0-118-F.jpg	265,178,1862,3013	1
PD-0-119-F.jpg	172,157,1951,3088	1
PD-0-120-F.jpg	107,62,1886,3139	1
PD-0-121-F.jpg	204,212,1618,2747	1
PD-0-122-F.jpg	337,388,1591,2727	1
PD-0-123-F.jpg	356,242,1637,2800	1
PD-0-124-F.jpg	338,213,1557,2623	1
PD-0-125-F.jpg	233,259,1709,2778	1
PD-0-126-F.jpg	484,503,1381,2261	1
PD-0-127-F.jpg	325,264,1578,2594	1
PD-0-129-F.jpg	353,388,1551,2534	1
PD-0-130-F.jpg	361,342,1594,2730	1
PD-0-131-F.jpg	434,151,1586,2757	1
PD-0-132-F.jpg	445,381,1364,2249	1
PD-0-133-F.jpg	452,248,1479,2439	1
PD-0-134-F.jpg	315,273,1667,2685	1
PD-0-135-F.jpg	353,297,1536,2477	1
PD-0-136-F.jpg	323,153,1767,3030	1
PD-0-137-F.jpg	409,261,1541,2587	1
PD-0-138-F.jpg	227,218,1767,3010	1
PD-0-139-F.jpg	292,175,1721,2818	1
PD-0-140-F.jpg	287,263,1791,2986	1
PD-0-141-F.jpg	313,140,1781,2966	1
PD-0-142-F.jpg	191,223,1860,3010	1
PD-0-143-F.jpg	71,110,1999,3119	1
PD-0-144-F.jpg	305,60,1912,3192	1
PD-0-145-F.jpg	471,120,1664,2680	1
PD-0-146-F.jpg	358,251,1744,3008	1
PD-0-147-F.jpg	306,120,1744,2920	1
PD-0-149-F.jpg	301,185,1839,3063	1
PD-0-150-F.jpg	393,161,1665,2844	1
PD-0-151-F.jpg	292,134,1829,3039	1
PD-0-152-F.jpg	345,150,1824,3048	1
PD-0-153-F.jpg	382,183,1756,2973	1
PD-0-154-F.jpg	248,62,1777,2980	1
PD-0-154-R.jpg	576,294,1437,2360	1
PD-0-155-F.jpg	302,122,1677,2795	1
PD-0-156-F.jpg	433,217,1708,2898	1
PD-0-157-F.jpg	446,128,1522,2531	1
PD-0-158-F.jpg	469,147,1688,2815	1
PD-0-159-F.jpg	552,166,1506,2459	1
PD-0-160-F.jpg	435,187,1643,2790	1
PD-0-161-F.jpg	249,64,1818,2827	1
PD-0-162-F.jpg	242,221,1656,2568	1
PD-0-163-F.jpg	527,237,1482,2573	1
PD-0-164-F.jpg	543,124,1596,2726	1
PD-0-165-F.jpg	531,237,1512,2653	1
PD-0-166-F.jpg	510,266,1482,2715	1
PD-0-167-F.jpg	444,163,1568,2657	1
PD-0-168-F.jpg	427,158,1675,2846	1
PD-0-169-F.jpg	314,103,1810,3031	1
PD-0-170-F.jpg	466,170,1579,2841	1
PD-0-171-F.jpg	551,163,1400,2458	1
PD-0-172-F.jpg	398,209,1587,2661	1
PD-0-173-F.jpg	489,118,1464,2573	1
PD-0-174-F.jpg	481,161,1487,2638	1
PD-0-175-F.jpg	591,274,1411,2438	1
PD-0-176-F.jpg	350,220,1617,2749	1
PD-0-177-F.jpg	360,154,1574,2779	1
PD-0-178-F.jpg	385,51,1596,2978	1
PD-0-179-F.jpg	282,24,1827,3046	1
PD-0-180-F.jpg	472,58,1660,2861	1
PE-0-1-F.jpg	460,313,1430,2655	1
PE-0-2-F.jpg	388,273,1507,2697	1
PE-0-3-F.jpg	354,92,1677,2908	1
PE-0-4-F.jpg	293,177,1613,2681	1
PE-0-5-F.jpg	394,357,1543,2494	1
PE-0-6-F.jpg	439,376,1524,2461	1
PE-0-7-F.jpg	337,187,1606,2769	1
PE-0-8-F.jpg	426,305,1512,2598	1
PE-0-9-F.jpg	409,282,1524,2641	1
PE-0-10-F.jpg	489,237,1565,2679	1
PE-0-11-F.jpg	371,206,1643,2769	1
PE-0-12-F.jpg	402,145,1675,2886	1
PE-0-13-F.jpg	376,181,1705,2844	1
PE-0-14-F.jpg	468,249,1523,2453	1
PE-0-15-F.jpg	398,189,1728,2809	1
PE-0-16-F.jpg	309,47,1868,3206	1
PE-0-17-F.jpg	385,277,1692,2785	1
PE-0-17-R.jpg	337,152,1597,2768	1
PE-0-18-F.jpg	469,189,1688,2753	1
PE-0-19-F.jpg	311,183,1661,2745	1
PE-0-20-F.jpg	371,59,1816,2878	1
PE-0-21-F.jpg	325,175,1628,2711	1
PE-0-22-F.jpg	371,298,1448,2463	1
PE-0-22-R.jpg	420,105,1543,2563	1
PE-0-23-F.jpg	522,213,1397,2339	1
PE-0-23-R.jpg	512,527,1300,2180	1
PE-0-24-F.jpg	433,170,1657,2806	1
PE-0-25-F.jpg	403,136,1713,2911	1
PE-0-26-A-F.jpg	458,145,1653,2848	1
PE-0-26-B-F.jpg	375,226,1682,2792	1
PE-0-26-F.jpg	363,259,1639,2787	1
PE-0-27-F.jpg	300,172,1724,2791	1
PE-0-28-F.jpg	470,305,1568,2655	1
PE-0-29-F.jpg	410,176,1558,2721	1
PE-0-30-F.jpg	348,110,1765,3033	1
PE-0-31-A-F.jpg	295,140,1867,2987	1
PE-0-31-A-R.jpg	382,289,1673,2680	1
PE-0-31-F.jpg	394,208,1721,2707	1
PE-0-32-F.jpg	460,342,1557,2490	1
PE-0-33-F.jpg	415,98,1585,2637	1
PE-0-34-F.jpg	251,111,1767,2879	1
PE-0-34-R.jpg	298,61,1885,3191	1
PE-0-35-F.jpg	212,120,1775,2836	1
PE-0-35-R.jpg	265,142,1900,2903	1
PMA-0-1-B-F.jpg	404,282,1614,2699	1
PMA-0-1-C-F.jpg	424,375,1458,2447	1
PMA-0-1-D-F.jpg	531,236,1660,2733	1
PMA-0-1-E-F.jpg	439,361,1421,2575	1
PMA-0-1-F-F.jpg	491,437,1462,2432	1
PMA-0-1-F.jpg	590,313,1421,2440	1
PMA-0-1-G-F.jpg	534,429,1421,2417	1
PMA-0-1B-F.jpg	312,313,1914,2930	1
PMA-0-2-F.jpg	420,344,1553,2494	1
PMA-0-3-F.jpg	408,423,1608,2771	1
PMA-0-4-F.jpg	441,392,1480,2614	1
PMA-0-5-F.jpg	319,564,1523,2613	1
PMA-0-6-F.jpg	186,438,1710,2757	1
PMA-0-7-F.jpg	254,363,1683,2680	1
PMA-0-8-F.jpg	424,376,1717,2786	1
PMA-0-8-R.jpg	153,244,1962,2942	1
PMA-0-9-A-F.jpg	403,238,1716,2703	1
PMA-0-9-F.jpg	279,340,1850,2917	1
PMA-0-10-A-F.jpg	332,361,1722,2672	1
PMA-0-10-F.jpg	503,285,1489,2473	1
PMA-0-11-F.jpg	375,151,1822,2900	1
